2022/05/30-19:07:37.324051 7f338c81a700 RocksDB version: 6.10.2
2022/05/30-19:07:37.324125 7f338c81a700 Git sha rocksdb_build_git_sha:
2022/05/30-19:07:37.324131 7f338c81a700 Compile date Jun 28 2020
2022/05/30-19:07:37.324135 7f338c81a700 DB SUMMARY
2022/05/30-19:07:37.324170 7f338c81a700 CURRENT file:  CURRENT
2022/05/30-19:07:37.324173 7f338c81a700 IDENTITY file:  IDENTITY
2022/05/30-19:07:37.324178 7f338c81a700 MANIFEST file:  MANIFEST-000001 size: 13 Bytes
2022/05/30-19:07:37.324181 7f338c81a700 SST files in data/standalone/bookkeeper0/current/locations dir, Total Num: 0, files: 
2022/05/30-19:07:37.324184 7f338c81a700 Write Ahead Log file in data/standalone/bookkeeper0/current/locations: 000003.log size: 346 ; 
2022/05/30-19:07:37.324187 7f338c81a700                         Options.error_if_exists: 0
2022/05/30-19:07:37.324188 7f338c81a700                       Options.create_if_missing: 1
2022/05/30-19:07:37.324190 7f338c81a700                         Options.paranoid_checks: 1
2022/05/30-19:07:37.324192 7f338c81a700                                     Options.env: 0x7f3265dbef20
2022/05/30-19:07:37.324194 7f338c81a700                                      Options.fs: Posix File System
2022/05/30-19:07:37.324196 7f338c81a700                                Options.info_log: 0x7f3389c85420
2022/05/30-19:07:37.324198 7f338c81a700                Options.max_file_opening_threads: 16
2022/05/30-19:07:37.324200 7f338c81a700                              Options.statistics: (nil)
2022/05/30-19:07:37.324202 7f338c81a700                               Options.use_fsync: 0
2022/05/30-19:07:37.324204 7f338c81a700                       Options.max_log_file_size: 0
2022/05/30-19:07:37.324206 7f338c81a700                  Options.max_manifest_file_size: 1073741824
2022/05/30-19:07:37.324207 7f338c81a700                   Options.log_file_time_to_roll: 86400
2022/05/30-19:07:37.324209 7f338c81a700                       Options.keep_log_file_num: 30
2022/05/30-19:07:37.324211 7f338c81a700                    Options.recycle_log_file_num: 0
2022/05/30-19:07:37.324212 7f338c81a700                         Options.allow_fallocate: 1
2022/05/30-19:07:37.324214 7f338c81a700                        Options.allow_mmap_reads: 0
2022/05/30-19:07:37.324216 7f338c81a700                       Options.allow_mmap_writes: 0
2022/05/30-19:07:37.324218 7f338c81a700                        Options.use_direct_reads: 0
2022/05/30-19:07:37.324219 7f338c81a700                        Options.use_direct_io_for_flush_and_compaction: 0
2022/05/30-19:07:37.324221 7f338c81a700          Options.create_missing_column_families: 0
2022/05/30-19:07:37.324223 7f338c81a700                              Options.db_log_dir: 
2022/05/30-19:07:37.324224 7f338c81a700                                 Options.wal_dir: data/standalone/bookkeeper0/current/locations
2022/05/30-19:07:37.324226 7f338c81a700                Options.table_cache_numshardbits: 6
2022/05/30-19:07:37.324228 7f338c81a700                      Options.max_subcompactions: 1
2022/05/30-19:07:37.324229 7f338c81a700                         Options.WAL_ttl_seconds: 0
2022/05/30-19:07:37.324231 7f338c81a700                       Options.WAL_size_limit_MB: 0
2022/05/30-19:07:37.324236 7f338c81a700                        Options.max_write_batch_group_size_bytes: 1048576
2022/05/30-19:07:37.324238 7f338c81a700             Options.manifest_preallocation_size: 4194304
2022/05/30-19:07:37.324240 7f338c81a700                     Options.is_fd_close_on_exec: 1
2022/05/30-19:07:37.324242 7f338c81a700                   Options.advise_random_on_open: 1
2022/05/30-19:07:37.324243 7f338c81a700                    Options.db_write_buffer_size: 0
2022/05/30-19:07:37.324245 7f338c81a700                    Options.write_buffer_manager: 0x7f3389c92650
2022/05/30-19:07:37.324247 7f338c81a700         Options.access_hint_on_compaction_start: 1
2022/05/30-19:07:37.324248 7f338c81a700  Options.new_table_reader_for_compaction_inputs: 0
2022/05/30-19:07:37.324250 7f338c81a700           Options.random_access_max_buffer_size: 1048576
2022/05/30-19:07:37.324251 7f338c81a700                      Options.use_adaptive_mutex: 0
2022/05/30-19:07:37.324268 7f338c81a700                            Options.rate_limiter: (nil)
2022/05/30-19:07:37.324270 7f338c81a700     Options.sst_file_manager.rate_bytes_per_sec: 0
2022/05/30-19:07:37.324272 7f338c81a700                       Options.wal_recovery_mode: 2
2022/05/30-19:07:37.324273 7f338c81a700                  Options.enable_thread_tracking: 0
2022/05/30-19:07:37.324275 7f338c81a700                  Options.enable_pipelined_write: 0
2022/05/30-19:07:37.324276 7f338c81a700                  Options.unordered_write: 0
2022/05/30-19:07:37.324278 7f338c81a700         Options.allow_concurrent_memtable_write: 1
2022/05/30-19:07:37.324279 7f338c81a700      Options.enable_write_thread_adaptive_yield: 1
2022/05/30-19:07:37.324281 7f338c81a700             Options.write_thread_max_yield_usec: 100
2022/05/30-19:07:37.324283 7f338c81a700            Options.write_thread_slow_yield_usec: 3
2022/05/30-19:07:37.324284 7f338c81a700                               Options.row_cache: None
2022/05/30-19:07:37.324286 7f338c81a700                              Options.wal_filter: None
2022/05/30-19:07:37.324288 7f338c81a700             Options.avoid_flush_during_recovery: 0
2022/05/30-19:07:37.324289 7f338c81a700             Options.allow_ingest_behind: 0
2022/05/30-19:07:37.324291 7f338c81a700             Options.preserve_deletes: 0
2022/05/30-19:07:37.324293 7f338c81a700             Options.two_write_queues: 0
2022/05/30-19:07:37.324294 7f338c81a700             Options.manual_wal_flush: 0
2022/05/30-19:07:37.324296 7f338c81a700             Options.atomic_flush: 0
2022/05/30-19:07:37.324297 7f338c81a700             Options.avoid_unnecessary_blocking_io: 0
2022/05/30-19:07:37.324299 7f338c81a700                 Options.persist_stats_to_disk: 0
2022/05/30-19:07:37.324300 7f338c81a700                 Options.write_dbid_to_manifest: 0
2022/05/30-19:07:37.324302 7f338c81a700                 Options.log_readahead_size: 0
2022/05/30-19:07:37.324304 7f338c81a700                 Options.file_checksum_gen_factory: Unknown
2022/05/30-19:07:37.324305 7f338c81a700                 Options.best_efforts_recovery: 0
2022/05/30-19:07:37.324309 7f338c81a700             Options.max_background_jobs: 32
2022/05/30-19:07:37.324311 7f338c81a700             Options.max_background_compactions: -1
2022/05/30-19:07:37.324313 7f338c81a700             Options.avoid_flush_during_shutdown: 0
2022/05/30-19:07:37.324315 7f338c81a700           Options.writable_file_max_buffer_size: 1048576
2022/05/30-19:07:37.324316 7f338c81a700             Options.delayed_write_rate : 16777216
2022/05/30-19:07:37.324318 7f338c81a700             Options.max_total_wal_size: 536870912
2022/05/30-19:07:37.324319 7f338c81a700             Options.delete_obsolete_files_period_micros: 3600000000
2022/05/30-19:07:37.324321 7f338c81a700                   Options.stats_dump_period_sec: 600
2022/05/30-19:07:37.324323 7f338c81a700                 Options.stats_persist_period_sec: 600
2022/05/30-19:07:37.324324 7f338c81a700                 Options.stats_history_buffer_size: 1048576
2022/05/30-19:07:37.324326 7f338c81a700                          Options.max_open_files: -1
2022/05/30-19:07:37.324328 7f338c81a700                          Options.bytes_per_sync: 0
2022/05/30-19:07:37.324329 7f338c81a700                      Options.wal_bytes_per_sync: 0
2022/05/30-19:07:37.324331 7f338c81a700                   Options.strict_bytes_per_sync: 0
2022/05/30-19:07:37.324332 7f338c81a700       Options.compaction_readahead_size: 0
2022/05/30-19:07:37.324334 7f338c81a700                  Options.max_background_flushes: -1
2022/05/30-19:07:37.324336 7f338c81a700 Compression algorithms supported:
2022/05/30-19:07:37.324338 7f338c81a700 	kZSTDNotFinalCompression supported: 1
2022/05/30-19:07:37.324340 7f338c81a700 	kZSTD supported: 1
2022/05/30-19:07:37.324342 7f338c81a700 	kXpressCompression supported: 0
2022/05/30-19:07:37.324344 7f338c81a700 	kLZ4HCCompression supported: 1
2022/05/30-19:07:37.324346 7f338c81a700 	kLZ4Compression supported: 1
2022/05/30-19:07:37.324347 7f338c81a700 	kBZip2Compression supported: 1
2022/05/30-19:07:37.324357 7f338c81a700 	kZlibCompression supported: 1
2022/05/30-19:07:37.324370 7f338c81a700 	kSnappyCompression supported: 1
2022/05/30-19:07:37.324372 7f338c81a700 Fast CRC32 supported: Not supported on x86
2022/05/30-19:07:37.334838 7f338c81a700 [/version_set.cc:4477] Recovering from manifest file: data/standalone/bookkeeper0/current/locations/MANIFEST-000001
2022/05/30-19:07:37.335032 7f338c81a700 [/column_family.cc:579] --------------- Options for column family [default]:
2022/05/30-19:07:37.335041 7f338c81a700               Options.comparator: leveldb.BytewiseComparator
2022/05/30-19:07:37.335045 7f338c81a700           Options.merge_operator: None
2022/05/30-19:07:37.335048 7f338c81a700        Options.compaction_filter: None
2022/05/30-19:07:37.335051 7f338c81a700        Options.compaction_filter_factory: None
2022/05/30-19:07:37.335054 7f338c81a700         Options.memtable_factory: SkipListFactory
2022/05/30-19:07:37.335057 7f338c81a700            Options.table_factory: BlockBasedTable
2022/05/30-19:07:37.335132 7f338c81a700            table_factory options:   flush_block_policy_factory: FlushBlockBySizePolicyFactory (0x7f3389c90e80)
  cache_index_and_filter_blocks: 1
  cache_index_and_filter_blocks_with_high_priority: 0
  pin_l0_filter_and_index_blocks_in_cache: 0
  pin_top_level_index_and_filter: 1
  index_type: 0
  data_block_index_type: 0
  index_shortening: 1
  data_block_hash_table_util_ratio: 0.750000
  hash_index_allow_collision: 1
  checksum: 2
  no_block_cache: 0
  block_cache: 0x7f3389c99eb0
  block_cache_name: LRUCache
  block_cache_options:
    capacity : 429496729
    num_shard_bits : 6
    strict_capacity_limit : 0
    memory_allocator : None
    high_pri_pool_ratio: 0.000
  block_cache_compressed: (nil)
  persistent_cache: (nil)
  block_size: 4096
  block_size_deviation: 10
  block_restart_interval: 16
  index_block_restart_interval: 1
  metadata_block_size: 4096
  partition_filters: 0
  use_delta_encoding: 1
  filter_policy: rocksdb.BuiltinBloomFilter
  whole_key_filtering: 1
  verify_compression: 1
  read_amp_bytes_per_bit: 0
  format_version: 2
  enable_index_compression: 1
  block_align: 0
2022/05/30-19:07:37.335136 7f338c81a700        Options.write_buffer_size: 4194304
2022/05/30-19:07:37.335138 7f338c81a700  Options.max_write_buffer_number: 4
2022/05/30-19:07:37.335140 7f338c81a700          Options.compression: LZ4
2022/05/30-19:07:37.335143 7f338c81a700                  Options.bottommost_compression: Disabled
2022/05/30-19:07:37.335145 7f338c81a700       Options.prefix_extractor: nullptr
2022/05/30-19:07:37.335147 7f338c81a700   Options.memtable_insert_with_hint_prefix_extractor: nullptr
2022/05/30-19:07:37.335149 7f338c81a700             Options.num_levels: 7
2022/05/30-19:07:37.335151 7f338c81a700        Options.min_write_buffer_number_to_merge: 1
2022/05/30-19:07:37.335153 7f338c81a700     Options.max_write_buffer_number_to_maintain: 0
2022/05/30-19:07:37.335155 7f338c81a700     Options.max_write_buffer_size_to_maintain: 0
2022/05/30-19:07:37.335157 7f338c81a700            Options.bottommost_compression_opts.window_bits: -14
2022/05/30-19:07:37.335159 7f338c81a700                  Options.bottommost_compression_opts.level: 32767
2022/05/30-19:07:37.335161 7f338c81a700               Options.bottommost_compression_opts.strategy: 0
2022/05/30-19:07:37.335163 7f338c81a700         Options.bottommost_compression_opts.max_dict_bytes: 0
2022/05/30-19:07:37.335165 7f338c81a700         Options.bottommost_compression_opts.zstd_max_train_bytes: 0
2022/05/30-19:07:37.335167 7f338c81a700         Options.bottommost_compression_opts.parallel_threads: 1
2022/05/30-19:07:37.335169 7f338c81a700                  Options.bottommost_compression_opts.enabled: false
2022/05/30-19:07:37.335170 7f338c81a700            Options.compression_opts.window_bits: -14
2022/05/30-19:07:37.335172 7f338c81a700                  Options.compression_opts.level: 32767
2022/05/30-19:07:37.335174 7f338c81a700               Options.compression_opts.strategy: 0
2022/05/30-19:07:37.335176 7f338c81a700         Options.compression_opts.max_dict_bytes: 0
2022/05/30-19:07:37.335207 7f338c81a700         Options.compression_opts.zstd_max_train_bytes: 0
2022/05/30-19:07:37.335214 7f338c81a700         Options.compression_opts.parallel_threads: 1
2022/05/30-19:07:37.335217 7f338c81a700                  Options.compression_opts.enabled: false
2022/05/30-19:07:37.335220 7f338c81a700      Options.level0_file_num_compaction_trigger: 4
2022/05/30-19:07:37.335223 7f338c81a700          Options.level0_slowdown_writes_trigger: 20
2022/05/30-19:07:37.335227 7f338c81a700              Options.level0_stop_writes_trigger: 36
2022/05/30-19:07:37.335230 7f338c81a700                   Options.target_file_size_base: 4194304
2022/05/30-19:07:37.335234 7f338c81a700             Options.target_file_size_multiplier: 1
2022/05/30-19:07:37.335237 7f338c81a700                Options.max_bytes_for_level_base: 268435456
2022/05/30-19:07:37.335241 7f338c81a700 Options.level_compaction_dynamic_level_bytes: 1
2022/05/30-19:07:37.335248 7f338c81a700          Options.max_bytes_for_level_multiplier: 10.000000
2022/05/30-19:07:37.335252 7f338c81a700 Options.max_bytes_for_level_multiplier_addtl[0]: 1
2022/05/30-19:07:37.335255 7f338c81a700 Options.max_bytes_for_level_multiplier_addtl[1]: 1
2022/05/30-19:07:37.335257 7f338c81a700 Options.max_bytes_for_level_multiplier_addtl[2]: 1
2022/05/30-19:07:37.335259 7f338c81a700 Options.max_bytes_for_level_multiplier_addtl[3]: 1
2022/05/30-19:07:37.335261 7f338c81a700 Options.max_bytes_for_level_multiplier_addtl[4]: 1
2022/05/30-19:07:37.335263 7f338c81a700 Options.max_bytes_for_level_multiplier_addtl[5]: 1
2022/05/30-19:07:37.335265 7f338c81a700 Options.max_bytes_for_level_multiplier_addtl[6]: 1
2022/05/30-19:07:37.335267 7f338c81a700       Options.max_sequential_skip_in_iterations: 8
2022/05/30-19:07:37.335273 7f338c81a700                    Options.max_compaction_bytes: 104857600
2022/05/30-19:07:37.335276 7f338c81a700                        Options.arena_block_size: 524288
2022/05/30-19:07:37.335278 7f338c81a700   Options.soft_pending_compaction_bytes_limit: 68719476736
2022/05/30-19:07:37.335280 7f338c81a700   Options.hard_pending_compaction_bytes_limit: 274877906944
2022/05/30-19:07:37.335282 7f338c81a700       Options.rate_limit_delay_max_milliseconds: 100
2022/05/30-19:07:37.335284 7f338c81a700                Options.disable_auto_compactions: 0
2022/05/30-19:07:37.335286 7f338c81a700                        Options.compaction_style: kCompactionStyleLevel
2022/05/30-19:07:37.335289 7f338c81a700                          Options.compaction_pri: kMinOverlappingRatio
2022/05/30-19:07:37.335290 7f338c81a700 Options.compaction_options_universal.size_ratio: 1
2022/05/30-19:07:37.335292 7f338c81a700 Options.compaction_options_universal.min_merge_width: 2
2022/05/30-19:07:37.335294 7f338c81a700 Options.compaction_options_universal.max_merge_width: 4294967295
2022/05/30-19:07:37.335296 7f338c81a700 Options.compaction_options_universal.max_size_amplification_percent: 200
2022/05/30-19:07:37.335298 7f338c81a700 Options.compaction_options_universal.compression_size_percent: -1
2022/05/30-19:07:37.335301 7f338c81a700 Options.compaction_options_universal.stop_style: kCompactionStopStyleTotalSize
2022/05/30-19:07:37.335302 7f338c81a700 Options.compaction_options_fifo.max_table_files_size: 1073741824
2022/05/30-19:07:37.335304 7f338c81a700 Options.compaction_options_fifo.allow_compaction: 0
2022/05/30-19:07:37.335310 7f338c81a700                   Options.table_properties_collectors: 
2022/05/30-19:07:37.335312 7f338c81a700                   Options.inplace_update_support: 0
2022/05/30-19:07:37.335314 7f338c81a700                 Options.inplace_update_num_locks: 10000
2022/05/30-19:07:37.335317 7f338c81a700               Options.memtable_prefix_bloom_size_ratio: 0.000000
2022/05/30-19:07:37.335319 7f338c81a700               Options.memtable_whole_key_filtering: 0
2022/05/30-19:07:37.335321 7f338c81a700   Options.memtable_huge_page_size: 0
2022/05/30-19:07:37.335323 7f338c81a700                           Options.bloom_locality: 0
2022/05/30-19:07:37.335343 7f338c81a700                    Options.max_successive_merges: 0
2022/05/30-19:07:37.335347 7f338c81a700                Options.optimize_filters_for_hits: 0
2022/05/30-19:07:37.335350 7f338c81a700                Options.paranoid_file_checks: 0
2022/05/30-19:07:37.335353 7f338c81a700                Options.force_consistency_checks: 0
2022/05/30-19:07:37.335357 7f338c81a700                Options.report_bg_io_stats: 0
2022/05/30-19:07:37.335360 7f338c81a700                               Options.ttl: 2592000
2022/05/30-19:07:37.335364 7f338c81a700          Options.periodic_compaction_seconds: 0
2022/05/30-19:07:37.335952 7f338c81a700 [/version_set.cc:4634] Recovered from manifest file:data/standalone/bookkeeper0/current/locations/MANIFEST-000001 succeeded,manifest_file_number is 1, next_file_number is 3, last_sequence is 0, log_number is 0,prev_log_number is 0,max_column_family is 0,min_log_number_to_keep is 0
2022/05/30-19:07:37.335958 7f338c81a700 [/version_set.cc:4643] Column family [default] (ID 0), log number is 0
2022/05/30-19:07:37.351790 7f338c81a700 EVENT_LOG_v1 {"time_micros": 1653937657351779, "job": 1, "event": "recovery_started", "log_files": [3]}
2022/05/30-19:07:37.351815 7f338c81a700 [/db_impl/db_impl_open.cc:774] Recovering log #3 mode 2
2022/05/30-19:07:37.502182 7f338c81a700 EVENT_LOG_v1 {"time_micros": 1653937657502129, "cf_name": "default", "job": 1, "event": "table_file_creation", "file_number": 4, "file_size": 1042, "table_properties": {"data_size": 131, "index_size": 42, "index_partitions": 0, "top_level_index_size": 0, "index_key_is_user_key": 0, "index_value_is_delta_encoded": 0, "filter_size": 69, "raw_key_size": 240, "raw_average_key_size": 24, "raw_value_size": 80, "raw_average_value_size": 8, "num_data_blocks": 1, "num_entries": 10, "num_deletions": 0, "num_merge_operands": 0, "num_range_deletions": 0, "format_version": 0, "fixed_key_len": 0, "filter_policy": "rocksdb.BuiltinBloomFilter", "column_family_name": "default", "column_family_id": 0, "comparator": "leveldb.BytewiseComparator", "merge_operator": "nullptr", "prefix_extractor_name": "nullptr", "property_collectors": "[]", "compression": "LZ4", "compression_options": "window_bits=-14; level=32767; strategy=0; max_dict_bytes=0; zstd_max_train_bytes=0; enabled=0; ", "creation_time": 1653937657, "oldest_key_time": 3, "file_creation_time": 0}}
2022/05/30-19:07:37.502319 7f338c81a700 [/version_set.cc:3882] Creating manifest 5
2022/05/30-19:07:37.703751 7f338c81a700 EVENT_LOG_v1 {"time_micros": 1653937657703740, "job": 1, "event": "recovery_finished"}
2022/05/30-19:07:37.805796 7f338c81a700 DB pointer 0x7f3389c90ff0
2022/05/30-19:07:37.806162 7f32493e7700 [/db_impl/db_impl.cc:854] ------- DUMPING STATS -------
2022/05/30-19:07:37.806215 7f32493e7700 [/db_impl/db_impl.cc:855] 
** DB Stats **
Uptime(secs): 0.5 total, 0.5 interval
Cumulative writes: 0 writes, 0 keys, 0 commit groups, 0.0 writes per commit group, ingest: 0.00 GB, 0.00 MB/s
Cumulative WAL: 0 writes, 0 syncs, 0.00 writes per sync, written: 0.00 GB, 0.00 MB/s
Cumulative stall: 00:00:0.000 H:M:S, 0.0 percent
Interval writes: 0 writes, 0 keys, 0 commit groups, 0.0 writes per commit group, ingest: 0.00 MB, 0.00 MB/s
Interval WAL: 0 writes, 0 syncs, 0.00 writes per sync, written: 0.00 MB, 0.00 MB/s
Interval stall: 00:00:0.000 H:M:S, 0.0 percent

** Compaction Stats [default] **
Level    Files   Size     Score Read(GB)  Rn(GB) Rnp1(GB) Write(GB) Wnew(GB) Moved(GB) W-Amp Rd(MB/s) Wr(MB/s) Comp(sec) CompMergeCPU(sec) Comp(cnt) Avg(sec) KeyIn KeyDrop
----------------------------------------------------------------------------------------------------------------------------------------------------------------------------
  L0      1/0    1.02 KB   0.2      0.0     0.0      0.0       0.0      0.0       0.0   1.0      0.0      0.0      0.15              0.00         1    0.150       0      0
 Sum      1/0    1.02 KB   0.0      0.0     0.0      0.0       0.0      0.0       0.0   1.0      0.0      0.0      0.15              0.00         1    0.150       0      0
 Int      0/0    0.00 KB   0.0      0.0     0.0      0.0       0.0      0.0       0.0   1.0      0.0      0.0      0.15              0.00         1    0.150       0      0

** Compaction Stats [default] **
Priority    Files   Size     Score Read(GB)  Rn(GB) Rnp1(GB) Write(GB) Wnew(GB) Moved(GB) W-Amp Rd(MB/s) Wr(MB/s) Comp(sec) CompMergeCPU(sec) Comp(cnt) Avg(sec) KeyIn KeyDrop
-------------------------------------------------------------------------------------------------------------------------------------------------------------------------------
User      0/0    0.00 KB   0.0      0.0     0.0      0.0       0.0      0.0       0.0   0.0      0.0      0.0      0.15              0.00         1    0.150       0      0
Uptime(secs): 0.5 total, 0.5 interval
Flush(GB): cumulative 0.000, interval 0.000
AddFile(GB): cumulative 0.000, interval 0.000
AddFile(Total Files): cumulative 0, interval 0
AddFile(L0 Files): cumulative 0, interval 0
AddFile(Keys): cumulative 0, interval 0
Cumulative compaction: 0.00 GB write, 0.00 MB/s write, 0.00 GB read, 0.00 MB/s read, 0.2 seconds
Interval compaction: 0.00 GB write, 0.00 MB/s write, 0.00 GB read, 0.00 MB/s read, 0.2 seconds
Stalls(count): 0 level0_slowdown, 0 level0_slowdown_with_compaction, 0 level0_numfiles, 0 level0_numfiles_with_compaction, 0 stop for pending_compaction_bytes, 0 slowdown for pending_compaction_bytes, 0 memtable_compaction, 0 memtable_slowdown, interval 0 total count

** File Read Latency Histogram By Level [default] **

** Compaction Stats [default] **
Level    Files   Size     Score Read(GB)  Rn(GB) Rnp1(GB) Write(GB) Wnew(GB) Moved(GB) W-Amp Rd(MB/s) Wr(MB/s) Comp(sec) CompMergeCPU(sec) Comp(cnt) Avg(sec) KeyIn KeyDrop
----------------------------------------------------------------------------------------------------------------------------------------------------------------------------
  L0      1/0    1.02 KB   0.2      0.0     0.0      0.0       0.0      0.0       0.0   1.0      0.0      0.0      0.15              0.00         1    0.150       0      0
 Sum      1/0    1.02 KB   0.0      0.0     0.0      0.0       0.0      0.0       0.0   1.0      0.0      0.0      0.15              0.00         1    0.150       0      0
 Int      0/0    0.00 KB   0.0      0.0     0.0      0.0       0.0      0.0       0.0   0.0      0.0      0.0      0.00              0.00         0    0.000       0      0

** Compaction Stats [default] **
Priority    Files   Size     Score Read(GB)  Rn(GB) Rnp1(GB) Write(GB) Wnew(GB) Moved(GB) W-Amp Rd(MB/s) Wr(MB/s) Comp(sec) CompMergeCPU(sec) Comp(cnt) Avg(sec) KeyIn KeyDrop
-------------------------------------------------------------------------------------------------------------------------------------------------------------------------------
User      0/0    0.00 KB   0.0      0.0     0.0      0.0       0.0      0.0       0.0   0.0      0.0      0.0      0.15              0.00         1    0.150       0      0
Uptime(secs): 0.5 total, 0.0 interval
Flush(GB): cumulative 0.000, interval 0.000
AddFile(GB): cumulative 0.000, interval 0.000
AddFile(Total Files): cumulative 0, interval 0
AddFile(L0 Files): cumulative 0, interval 0
AddFile(Keys): cumulative 0, interval 0
Cumulative compaction: 0.00 GB write, 0.00 MB/s write, 0.00 GB read, 0.00 MB/s read, 0.2 seconds
Interval compaction: 0.00 GB write, 0.00 MB/s write, 0.00 GB read, 0.00 MB/s read, 0.0 seconds
Stalls(count): 0 level0_slowdown, 0 level0_slowdown_with_compaction, 0 level0_numfiles, 0 level0_numfiles_with_compaction, 0 stop for pending_compaction_bytes, 0 slowdown for pending_compaction_bytes, 0 memtable_compaction, 0 memtable_slowdown, interval 0 total count

** File Read Latency Histogram By Level [default] **
2022/05/30-19:10:03.098862 7f3247edb700 [/db_impl/db_impl.cc:401] Shutdown: canceling all background work
2022/05/30-19:10:03.197284 7f3247edb700 [/db_impl/db_impl.cc:577] Shutdown complete
