2022/05/30-19:08:36.614010 7f324e5c2700 RocksDB version: 6.10.2
2022/05/30-19:08:36.614068 7f324e5c2700 Git sha rocksdb_build_git_sha:
2022/05/30-19:08:36.614071 7f324e5c2700 Compile date Jun 28 2020
2022/05/30-19:08:36.614074 7f324e5c2700 DB SUMMARY
2022/05/30-19:08:36.614104 7f324e5c2700 SST files in /pulsar/data/standalone/bookkeeper/ranges/data/ranges/000000000000000001/000000000000000001/000000000000000000/current dir, Total Num: 0, files: 
2022/05/30-19:08:36.614108 7f324e5c2700 Write Ahead Log file in /pulsar/data/standalone/bookkeeper/ranges/data/ranges/000000000000000001/000000000000000001/000000000000000000/current: 
2022/05/30-19:08:36.614110 7f324e5c2700                         Options.error_if_exists: 0
2022/05/30-19:08:36.614112 7f324e5c2700                       Options.create_if_missing: 1
2022/05/30-19:08:36.614113 7f324e5c2700                         Options.paranoid_checks: 1
2022/05/30-19:08:36.614115 7f324e5c2700                                     Options.env: 0x7f3265dbef20
2022/05/30-19:08:36.614117 7f324e5c2700                                      Options.fs: Posix File System
2022/05/30-19:08:36.614118 7f324e5c2700                                Options.info_log: 0x7f332c1132e0
2022/05/30-19:08:36.614119 7f324e5c2700                Options.max_file_opening_threads: 16
2022/05/30-19:08:36.614121 7f324e5c2700                              Options.statistics: (nil)
2022/05/30-19:08:36.614122 7f324e5c2700                               Options.use_fsync: 0
2022/05/30-19:08:36.614124 7f324e5c2700                       Options.max_log_file_size: 0
2022/05/30-19:08:36.614125 7f324e5c2700                  Options.max_manifest_file_size: 1073741824
2022/05/30-19:08:36.614127 7f324e5c2700                   Options.log_file_time_to_roll: 0
2022/05/30-19:08:36.614128 7f324e5c2700                       Options.keep_log_file_num: 1000
2022/05/30-19:08:36.614130 7f324e5c2700                    Options.recycle_log_file_num: 0
2022/05/30-19:08:36.614131 7f324e5c2700                         Options.allow_fallocate: 1
2022/05/30-19:08:36.614132 7f324e5c2700                        Options.allow_mmap_reads: 0
2022/05/30-19:08:36.614133 7f324e5c2700                       Options.allow_mmap_writes: 0
2022/05/30-19:08:36.614135 7f324e5c2700                        Options.use_direct_reads: 0
2022/05/30-19:08:36.614136 7f324e5c2700                        Options.use_direct_io_for_flush_and_compaction: 0
2022/05/30-19:08:36.614137 7f324e5c2700          Options.create_missing_column_families: 1
2022/05/30-19:08:36.614138 7f324e5c2700                              Options.db_log_dir: 
2022/05/30-19:08:36.614139 7f324e5c2700                                 Options.wal_dir: /pulsar/data/standalone/bookkeeper/ranges/data/ranges/000000000000000001/000000000000000001/000000000000000000/current
2022/05/30-19:08:36.614141 7f324e5c2700                Options.table_cache_numshardbits: 6
2022/05/30-19:08:36.614142 7f324e5c2700                      Options.max_subcompactions: 1
2022/05/30-19:08:36.614143 7f324e5c2700                         Options.WAL_ttl_seconds: 0
2022/05/30-19:08:36.614144 7f324e5c2700                       Options.WAL_size_limit_MB: 0
2022/05/30-19:08:36.614146 7f324e5c2700                        Options.max_write_batch_group_size_bytes: 1048576
2022/05/30-19:08:36.614147 7f324e5c2700             Options.manifest_preallocation_size: 4194304
2022/05/30-19:08:36.614148 7f324e5c2700                     Options.is_fd_close_on_exec: 1
2022/05/30-19:08:36.614149 7f324e5c2700                   Options.advise_random_on_open: 1
2022/05/30-19:08:36.614150 7f324e5c2700                    Options.db_write_buffer_size: 0
2022/05/30-19:08:36.614151 7f324e5c2700                    Options.write_buffer_manager: 0x7f332c1113e0
2022/05/30-19:08:36.614153 7f324e5c2700         Options.access_hint_on_compaction_start: 1
2022/05/30-19:08:36.614154 7f324e5c2700  Options.new_table_reader_for_compaction_inputs: 0
2022/05/30-19:08:36.614155 7f324e5c2700           Options.random_access_max_buffer_size: 1048576
2022/05/30-19:08:36.614156 7f324e5c2700                      Options.use_adaptive_mutex: 0
2022/05/30-19:08:36.614157 7f324e5c2700                            Options.rate_limiter: (nil)
2022/05/30-19:08:36.614169 7f324e5c2700     Options.sst_file_manager.rate_bytes_per_sec: 0
2022/05/30-19:08:36.614171 7f324e5c2700                       Options.wal_recovery_mode: 2
2022/05/30-19:08:36.614172 7f324e5c2700                  Options.enable_thread_tracking: 0
2022/05/30-19:08:36.614173 7f324e5c2700                  Options.enable_pipelined_write: 0
2022/05/30-19:08:36.614175 7f324e5c2700                  Options.unordered_write: 0
2022/05/30-19:08:36.614176 7f324e5c2700         Options.allow_concurrent_memtable_write: 1
2022/05/30-19:08:36.614177 7f324e5c2700      Options.enable_write_thread_adaptive_yield: 1
2022/05/30-19:08:36.614178 7f324e5c2700             Options.write_thread_max_yield_usec: 100
2022/05/30-19:08:36.614179 7f324e5c2700            Options.write_thread_slow_yield_usec: 3
2022/05/30-19:08:36.614180 7f324e5c2700                               Options.row_cache: None
2022/05/30-19:08:36.614182 7f324e5c2700                              Options.wal_filter: None
2022/05/30-19:08:36.614183 7f324e5c2700             Options.avoid_flush_during_recovery: 0
2022/05/30-19:08:36.614184 7f324e5c2700             Options.allow_ingest_behind: 0
2022/05/30-19:08:36.614185 7f324e5c2700             Options.preserve_deletes: 0
2022/05/30-19:08:36.614186 7f324e5c2700             Options.two_write_queues: 0
2022/05/30-19:08:36.614187 7f324e5c2700             Options.manual_wal_flush: 0
2022/05/30-19:08:36.614188 7f324e5c2700             Options.atomic_flush: 0
2022/05/30-19:08:36.614189 7f324e5c2700             Options.avoid_unnecessary_blocking_io: 0
2022/05/30-19:08:36.614191 7f324e5c2700                 Options.persist_stats_to_disk: 0
2022/05/30-19:08:36.614192 7f324e5c2700                 Options.write_dbid_to_manifest: 0
2022/05/30-19:08:36.614193 7f324e5c2700                 Options.log_readahead_size: 0
2022/05/30-19:08:36.614194 7f324e5c2700                 Options.file_checksum_gen_factory: Unknown
2022/05/30-19:08:36.614195 7f324e5c2700                 Options.best_efforts_recovery: 0
2022/05/30-19:08:36.614197 7f324e5c2700             Options.max_background_jobs: 4
2022/05/30-19:08:36.614198 7f324e5c2700             Options.max_background_compactions: -1
2022/05/30-19:08:36.614199 7f324e5c2700             Options.avoid_flush_during_shutdown: 0
2022/05/30-19:08:36.614200 7f324e5c2700           Options.writable_file_max_buffer_size: 1048576
2022/05/30-19:08:36.614201 7f324e5c2700             Options.delayed_write_rate : 16777216
2022/05/30-19:08:36.614203 7f324e5c2700             Options.max_total_wal_size: 0
2022/05/30-19:08:36.614204 7f324e5c2700             Options.delete_obsolete_files_period_micros: 21600000000
2022/05/30-19:08:36.614205 7f324e5c2700                   Options.stats_dump_period_sec: 600
2022/05/30-19:08:36.614206 7f324e5c2700                 Options.stats_persist_period_sec: 600
2022/05/30-19:08:36.614207 7f324e5c2700                 Options.stats_history_buffer_size: 1048576
2022/05/30-19:08:36.614209 7f324e5c2700                          Options.max_open_files: -1
2022/05/30-19:08:36.614210 7f324e5c2700                          Options.bytes_per_sync: 0
2022/05/30-19:08:36.614211 7f324e5c2700                      Options.wal_bytes_per_sync: 0
2022/05/30-19:08:36.614212 7f324e5c2700                   Options.strict_bytes_per_sync: 0
2022/05/30-19:08:36.614213 7f324e5c2700       Options.compaction_readahead_size: 0
2022/05/30-19:08:36.614214 7f324e5c2700                  Options.max_background_flushes: -1
2022/05/30-19:08:36.614215 7f324e5c2700 Compression algorithms supported:
2022/05/30-19:08:36.614217 7f324e5c2700 	kZSTDNotFinalCompression supported: 1
2022/05/30-19:08:36.614219 7f324e5c2700 	kZSTD supported: 1
2022/05/30-19:08:36.614220 7f324e5c2700 	kXpressCompression supported: 0
2022/05/30-19:08:36.614221 7f324e5c2700 	kLZ4HCCompression supported: 1
2022/05/30-19:08:36.614223 7f324e5c2700 	kLZ4Compression supported: 1
2022/05/30-19:08:36.614224 7f324e5c2700 	kBZip2Compression supported: 1
2022/05/30-19:08:36.614232 7f324e5c2700 	kZlibCompression supported: 1
2022/05/30-19:08:36.614234 7f324e5c2700 	kSnappyCompression supported: 1
2022/05/30-19:08:36.614237 7f324e5c2700 Fast CRC32 supported: Not supported on x86
2022/05/30-19:08:36.685903 7f324e5c2700 [/db_impl/db_impl_open.cc:271] Creating manifest 1 
2022/05/30-19:08:36.844957 7f324e5c2700 [/version_set.cc:4477] Recovering from manifest file: /pulsar/data/standalone/bookkeeper/ranges/data/ranges/000000000000000001/000000000000000001/000000000000000000/current/MANIFEST-000001
2022/05/30-19:08:36.845174 7f324e5c2700 [/column_family.cc:579] --------------- Options for column family [default]:
2022/05/30-19:08:36.845180 7f324e5c2700               Options.comparator: leveldb.BytewiseComparator
2022/05/30-19:08:36.845182 7f324e5c2700           Options.merge_operator: None
2022/05/30-19:08:36.845184 7f324e5c2700        Options.compaction_filter: None
2022/05/30-19:08:36.845186 7f324e5c2700        Options.compaction_filter_factory: None
2022/05/30-19:08:36.845188 7f324e5c2700         Options.memtable_factory: SkipListFactory
2022/05/30-19:08:36.845190 7f324e5c2700            Options.table_factory: BlockBasedTable
2022/05/30-19:08:36.845230 7f324e5c2700            table_factory options:   flush_block_policy_factory: FlushBlockBySizePolicyFactory (0x7f332c10ede0)
  cache_index_and_filter_blocks: 0
  cache_index_and_filter_blocks_with_high_priority: 0
  pin_l0_filter_and_index_blocks_in_cache: 0
  pin_top_level_index_and_filter: 1
  index_type: 0
  data_block_index_type: 0
  index_shortening: 1
  data_block_hash_table_util_ratio: 0.750000
  hash_index_allow_collision: 1
  checksum: 0
  no_block_cache: 0
  block_cache: 0x7f332c10e720
  block_cache_name: LRUCache
  block_cache_options:
    capacity : 67108864
    num_shard_bits : 6
    strict_capacity_limit : 0
    memory_allocator : None
    high_pri_pool_ratio: 0.000
  block_cache_compressed: (nil)
  persistent_cache: (nil)
  block_size: 4096
  block_size_deviation: 10
  block_restart_interval: 16
  index_block_restart_interval: 1
  metadata_block_size: 4096
  partition_filters: 0
  use_delta_encoding: 1
  filter_policy: nullptr
  whole_key_filtering: 1
  verify_compression: 1
  read_amp_bytes_per_bit: 0
  format_version: 2
  enable_index_compression: 1
  block_align: 0
2022/05/30-19:08:36.845233 7f324e5c2700        Options.write_buffer_size: 33554432
2022/05/30-19:08:36.845235 7f324e5c2700  Options.max_write_buffer_number: 3
2022/05/30-19:08:36.845238 7f324e5c2700          Options.compression: LZ4
2022/05/30-19:08:36.845241 7f324e5c2700                  Options.bottommost_compression: Disabled
2022/05/30-19:08:36.845243 7f324e5c2700       Options.prefix_extractor: nullptr
2022/05/30-19:08:36.845245 7f324e5c2700   Options.memtable_insert_with_hint_prefix_extractor: nullptr
2022/05/30-19:08:36.845248 7f324e5c2700             Options.num_levels: 7
2022/05/30-19:08:36.845250 7f324e5c2700        Options.min_write_buffer_number_to_merge: 1
2022/05/30-19:08:36.845252 7f324e5c2700     Options.max_write_buffer_number_to_maintain: 0
2022/05/30-19:08:36.845255 7f324e5c2700     Options.max_write_buffer_size_to_maintain: 0
2022/05/30-19:08:36.845257 7f324e5c2700            Options.bottommost_compression_opts.window_bits: -14
2022/05/30-19:08:36.845259 7f324e5c2700                  Options.bottommost_compression_opts.level: 32767
2022/05/30-19:08:36.845261 7f324e5c2700               Options.bottommost_compression_opts.strategy: 0
2022/05/30-19:08:36.845263 7f324e5c2700         Options.bottommost_compression_opts.max_dict_bytes: 0
2022/05/30-19:08:36.845265 7f324e5c2700         Options.bottommost_compression_opts.zstd_max_train_bytes: 0
2022/05/30-19:08:36.845267 7f324e5c2700         Options.bottommost_compression_opts.parallel_threads: 1
2022/05/30-19:08:36.845269 7f324e5c2700                  Options.bottommost_compression_opts.enabled: false
2022/05/30-19:08:36.845271 7f324e5c2700            Options.compression_opts.window_bits: -14
2022/05/30-19:08:36.845273 7f324e5c2700                  Options.compression_opts.level: 32767
2022/05/30-19:08:36.845299 7f324e5c2700               Options.compression_opts.strategy: 0
2022/05/30-19:08:36.845302 7f324e5c2700         Options.compression_opts.max_dict_bytes: 0
2022/05/30-19:08:36.845304 7f324e5c2700         Options.compression_opts.zstd_max_train_bytes: 0
2022/05/30-19:08:36.845306 7f324e5c2700         Options.compression_opts.parallel_threads: 1
2022/05/30-19:08:36.845308 7f324e5c2700                  Options.compression_opts.enabled: false
2022/05/30-19:08:36.845310 7f324e5c2700      Options.level0_file_num_compaction_trigger: 4
2022/05/30-19:08:36.845312 7f324e5c2700          Options.level0_slowdown_writes_trigger: 20
2022/05/30-19:08:36.845314 7f324e5c2700              Options.level0_stop_writes_trigger: 36
2022/05/30-19:08:36.845317 7f324e5c2700                   Options.target_file_size_base: 67108864
2022/05/30-19:08:36.845319 7f324e5c2700             Options.target_file_size_multiplier: 1
2022/05/30-19:08:36.845320 7f324e5c2700                Options.max_bytes_for_level_base: 268435456
2022/05/30-19:08:36.845322 7f324e5c2700 Options.level_compaction_dynamic_level_bytes: 0
2022/05/30-19:08:36.845324 7f324e5c2700          Options.max_bytes_for_level_multiplier: 10.000000
2022/05/30-19:08:36.845328 7f324e5c2700 Options.max_bytes_for_level_multiplier_addtl[0]: 1
2022/05/30-19:08:36.845330 7f324e5c2700 Options.max_bytes_for_level_multiplier_addtl[1]: 1
2022/05/30-19:08:36.845332 7f324e5c2700 Options.max_bytes_for_level_multiplier_addtl[2]: 1
2022/05/30-19:08:36.845334 7f324e5c2700 Options.max_bytes_for_level_multiplier_addtl[3]: 1
2022/05/30-19:08:36.845336 7f324e5c2700 Options.max_bytes_for_level_multiplier_addtl[4]: 1
2022/05/30-19:08:36.845338 7f324e5c2700 Options.max_bytes_for_level_multiplier_addtl[5]: 1
2022/05/30-19:08:36.845340 7f324e5c2700 Options.max_bytes_for_level_multiplier_addtl[6]: 1
2022/05/30-19:08:36.845342 7f324e5c2700       Options.max_sequential_skip_in_iterations: 8
2022/05/30-19:08:36.845344 7f324e5c2700                    Options.max_compaction_bytes: 1677721600
2022/05/30-19:08:36.845346 7f324e5c2700                        Options.arena_block_size: 4194304
2022/05/30-19:08:36.845348 7f324e5c2700   Options.soft_pending_compaction_bytes_limit: 68719476736
2022/05/30-19:08:36.845350 7f324e5c2700   Options.hard_pending_compaction_bytes_limit: 274877906944
2022/05/30-19:08:36.845351 7f324e5c2700       Options.rate_limit_delay_max_milliseconds: 100
2022/05/30-19:08:36.845353 7f324e5c2700                Options.disable_auto_compactions: 0
2022/05/30-19:08:36.845356 7f324e5c2700                        Options.compaction_style: kCompactionStyleUniversal
2022/05/30-19:08:36.845358 7f324e5c2700                          Options.compaction_pri: kMinOverlappingRatio
2022/05/30-19:08:36.845360 7f324e5c2700 Options.compaction_options_universal.size_ratio: 1
2022/05/30-19:08:36.845362 7f324e5c2700 Options.compaction_options_universal.min_merge_width: 2
2022/05/30-19:08:36.845364 7f324e5c2700 Options.compaction_options_universal.max_merge_width: 4294967295
2022/05/30-19:08:36.845365 7f324e5c2700 Options.compaction_options_universal.max_size_amplification_percent: 200
2022/05/30-19:08:36.845367 7f324e5c2700 Options.compaction_options_universal.compression_size_percent: -1
2022/05/30-19:08:36.845370 7f324e5c2700 Options.compaction_options_universal.stop_style: kCompactionStopStyleTotalSize
2022/05/30-19:08:36.845372 7f324e5c2700 Options.compaction_options_fifo.max_table_files_size: 1073741824
2022/05/30-19:08:36.845373 7f324e5c2700 Options.compaction_options_fifo.allow_compaction: 0
2022/05/30-19:08:36.845382 7f324e5c2700                   Options.table_properties_collectors: 
2022/05/30-19:08:36.845384 7f324e5c2700                   Options.inplace_update_support: 0
2022/05/30-19:08:36.845386 7f324e5c2700                 Options.inplace_update_num_locks: 10000
2022/05/30-19:08:36.845387 7f324e5c2700               Options.memtable_prefix_bloom_size_ratio: 0.000000
2022/05/30-19:08:36.845390 7f324e5c2700               Options.memtable_whole_key_filtering: 0
2022/05/30-19:08:36.845392 7f324e5c2700   Options.memtable_huge_page_size: 0
2022/05/30-19:08:36.845404 7f324e5c2700                           Options.bloom_locality: 0
2022/05/30-19:08:36.845406 7f324e5c2700                    Options.max_successive_merges: 0
2022/05/30-19:08:36.845408 7f324e5c2700                Options.optimize_filters_for_hits: 0
2022/05/30-19:08:36.845410 7f324e5c2700                Options.paranoid_file_checks: 0
2022/05/30-19:08:36.845412 7f324e5c2700                Options.force_consistency_checks: 0
2022/05/30-19:08:36.845413 7f324e5c2700                Options.report_bg_io_stats: 0
2022/05/30-19:08:36.845415 7f324e5c2700                               Options.ttl: 2592000
2022/05/30-19:08:36.845417 7f324e5c2700          Options.periodic_compaction_seconds: 2592000
2022/05/30-19:08:36.854967 7f324e5c2700 [/version_set.cc:4634] Recovered from manifest file:/pulsar/data/standalone/bookkeeper/ranges/data/ranges/000000000000000001/000000000000000001/000000000000000000/current/MANIFEST-000001 succeeded,manifest_file_number is 1, next_file_number is 3, last_sequence is 0, log_number is 0,prev_log_number is 0,max_column_family is 0,min_log_number_to_keep is 0
2022/05/30-19:08:36.854983 7f324e5c2700 [/version_set.cc:4643] Column family [default] (ID 0), log number is 0
2022/05/30-19:08:36.855332 7f324e5c2700 [/version_set.cc:3882] Creating manifest 4
2022/05/30-19:08:36.968192 7f324e5c2700 [/column_family.cc:579] --------------- Options for column family [.meta]:
2022/05/30-19:08:36.968202 7f324e5c2700               Options.comparator: leveldb.BytewiseComparator
2022/05/30-19:08:36.968204 7f324e5c2700           Options.merge_operator: None
2022/05/30-19:08:36.968207 7f324e5c2700        Options.compaction_filter: None
2022/05/30-19:08:36.968209 7f324e5c2700        Options.compaction_filter_factory: None
2022/05/30-19:08:36.968211 7f324e5c2700         Options.memtable_factory: SkipListFactory
2022/05/30-19:08:36.968214 7f324e5c2700            Options.table_factory: BlockBasedTable
2022/05/30-19:08:36.968265 7f324e5c2700            table_factory options:   flush_block_policy_factory: FlushBlockBySizePolicyFactory (0x7f332c10ede0)
  cache_index_and_filter_blocks: 0
  cache_index_and_filter_blocks_with_high_priority: 0
  pin_l0_filter_and_index_blocks_in_cache: 0
  pin_top_level_index_and_filter: 1
  index_type: 0
  data_block_index_type: 0
  index_shortening: 1
  data_block_hash_table_util_ratio: 0.750000
  hash_index_allow_collision: 1
  checksum: 0
  no_block_cache: 0
  block_cache: 0x7f332c10e720
  block_cache_name: LRUCache
  block_cache_options:
    capacity : 67108864
    num_shard_bits : 6
    strict_capacity_limit : 0
    memory_allocator : None
    high_pri_pool_ratio: 0.000
  block_cache_compressed: (nil)
  persistent_cache: (nil)
  block_size: 4096
  block_size_deviation: 10
  block_restart_interval: 16
  index_block_restart_interval: 1
  metadata_block_size: 4096
  partition_filters: 0
  use_delta_encoding: 1
  filter_policy: nullptr
  whole_key_filtering: 1
  verify_compression: 1
  read_amp_bytes_per_bit: 0
  format_version: 2
  enable_index_compression: 1
  block_align: 0
2022/05/30-19:08:36.968268 7f324e5c2700        Options.write_buffer_size: 33554432
2022/05/30-19:08:36.968270 7f324e5c2700  Options.max_write_buffer_number: 3
2022/05/30-19:08:36.968273 7f324e5c2700          Options.compression: LZ4
2022/05/30-19:08:36.968276 7f324e5c2700                  Options.bottommost_compression: Disabled
2022/05/30-19:08:36.968278 7f324e5c2700       Options.prefix_extractor: nullptr
2022/05/30-19:08:36.968280 7f324e5c2700   Options.memtable_insert_with_hint_prefix_extractor: nullptr
2022/05/30-19:08:36.968282 7f324e5c2700             Options.num_levels: 7
2022/05/30-19:08:36.968284 7f324e5c2700        Options.min_write_buffer_number_to_merge: 1
2022/05/30-19:08:36.968286 7f324e5c2700     Options.max_write_buffer_number_to_maintain: 0
2022/05/30-19:08:36.968288 7f324e5c2700     Options.max_write_buffer_size_to_maintain: 0
2022/05/30-19:08:36.968290 7f324e5c2700            Options.bottommost_compression_opts.window_bits: -14
2022/05/30-19:08:36.968293 7f324e5c2700                  Options.bottommost_compression_opts.level: 32767
2022/05/30-19:08:36.968295 7f324e5c2700               Options.bottommost_compression_opts.strategy: 0
2022/05/30-19:08:36.968297 7f324e5c2700         Options.bottommost_compression_opts.max_dict_bytes: 0
2022/05/30-19:08:36.968300 7f324e5c2700         Options.bottommost_compression_opts.zstd_max_train_bytes: 0
2022/05/30-19:08:36.968302 7f324e5c2700         Options.bottommost_compression_opts.parallel_threads: 1
2022/05/30-19:08:36.968304 7f324e5c2700                  Options.bottommost_compression_opts.enabled: false
2022/05/30-19:08:36.968307 7f324e5c2700            Options.compression_opts.window_bits: -14
2022/05/30-19:08:36.968308 7f324e5c2700                  Options.compression_opts.level: 32767
2022/05/30-19:08:36.968310 7f324e5c2700               Options.compression_opts.strategy: 0
2022/05/30-19:08:36.968312 7f324e5c2700         Options.compression_opts.max_dict_bytes: 0
2022/05/30-19:08:36.968314 7f324e5c2700         Options.compression_opts.zstd_max_train_bytes: 0
2022/05/30-19:08:36.968316 7f324e5c2700         Options.compression_opts.parallel_threads: 1
2022/05/30-19:08:36.968319 7f324e5c2700                  Options.compression_opts.enabled: false
2022/05/30-19:08:36.968321 7f324e5c2700      Options.level0_file_num_compaction_trigger: 4
2022/05/30-19:08:36.968344 7f324e5c2700          Options.level0_slowdown_writes_trigger: 20
2022/05/30-19:08:36.968347 7f324e5c2700              Options.level0_stop_writes_trigger: 36
2022/05/30-19:08:36.968349 7f324e5c2700                   Options.target_file_size_base: 67108864
2022/05/30-19:08:36.968351 7f324e5c2700             Options.target_file_size_multiplier: 1
2022/05/30-19:08:36.968353 7f324e5c2700                Options.max_bytes_for_level_base: 268435456
2022/05/30-19:08:36.968355 7f324e5c2700 Options.level_compaction_dynamic_level_bytes: 0
2022/05/30-19:08:36.968357 7f324e5c2700          Options.max_bytes_for_level_multiplier: 10.000000
2022/05/30-19:08:36.968362 7f324e5c2700 Options.max_bytes_for_level_multiplier_addtl[0]: 1
2022/05/30-19:08:36.968364 7f324e5c2700 Options.max_bytes_for_level_multiplier_addtl[1]: 1
2022/05/30-19:08:36.968366 7f324e5c2700 Options.max_bytes_for_level_multiplier_addtl[2]: 1
2022/05/30-19:08:36.968368 7f324e5c2700 Options.max_bytes_for_level_multiplier_addtl[3]: 1
2022/05/30-19:08:36.968371 7f324e5c2700 Options.max_bytes_for_level_multiplier_addtl[4]: 1
2022/05/30-19:08:36.968373 7f324e5c2700 Options.max_bytes_for_level_multiplier_addtl[5]: 1
2022/05/30-19:08:36.968375 7f324e5c2700 Options.max_bytes_for_level_multiplier_addtl[6]: 1
2022/05/30-19:08:36.968377 7f324e5c2700       Options.max_sequential_skip_in_iterations: 8
2022/05/30-19:08:36.968379 7f324e5c2700                    Options.max_compaction_bytes: 1677721600
2022/05/30-19:08:36.968381 7f324e5c2700                        Options.arena_block_size: 4194304
2022/05/30-19:08:36.968383 7f324e5c2700   Options.soft_pending_compaction_bytes_limit: 68719476736
2022/05/30-19:08:36.968385 7f324e5c2700   Options.hard_pending_compaction_bytes_limit: 274877906944
2022/05/30-19:08:36.968388 7f324e5c2700       Options.rate_limit_delay_max_milliseconds: 100
2022/05/30-19:08:36.968390 7f324e5c2700                Options.disable_auto_compactions: 0
2022/05/30-19:08:36.968393 7f324e5c2700                        Options.compaction_style: kCompactionStyleUniversal
2022/05/30-19:08:36.968395 7f324e5c2700                          Options.compaction_pri: kMinOverlappingRatio
2022/05/30-19:08:36.968397 7f324e5c2700 Options.compaction_options_universal.size_ratio: 1
2022/05/30-19:08:36.968399 7f324e5c2700 Options.compaction_options_universal.min_merge_width: 2
2022/05/30-19:08:36.968402 7f324e5c2700 Options.compaction_options_universal.max_merge_width: 4294967295
2022/05/30-19:08:36.968404 7f324e5c2700 Options.compaction_options_universal.max_size_amplification_percent: 200
2022/05/30-19:08:36.968406 7f324e5c2700 Options.compaction_options_universal.compression_size_percent: -1
2022/05/30-19:08:36.968409 7f324e5c2700 Options.compaction_options_universal.stop_style: kCompactionStopStyleTotalSize
2022/05/30-19:08:36.968411 7f324e5c2700 Options.compaction_options_fifo.max_table_files_size: 1073741824
2022/05/30-19:08:36.968413 7f324e5c2700 Options.compaction_options_fifo.allow_compaction: 0
2022/05/30-19:08:36.968422 7f324e5c2700                   Options.table_properties_collectors: 
2022/05/30-19:08:36.968424 7f324e5c2700                   Options.inplace_update_support: 0
2022/05/30-19:08:36.968426 7f324e5c2700                 Options.inplace_update_num_locks: 10000
2022/05/30-19:08:36.968428 7f324e5c2700               Options.memtable_prefix_bloom_size_ratio: 0.000000
2022/05/30-19:08:36.968431 7f324e5c2700               Options.memtable_whole_key_filtering: 0
2022/05/30-19:08:36.968434 7f324e5c2700   Options.memtable_huge_page_size: 0
2022/05/30-19:08:36.968436 7f324e5c2700                           Options.bloom_locality: 0
2022/05/30-19:08:36.968438 7f324e5c2700                    Options.max_successive_merges: 0
2022/05/30-19:08:36.968440 7f324e5c2700                Options.optimize_filters_for_hits: 0
2022/05/30-19:08:36.968442 7f324e5c2700                Options.paranoid_file_checks: 0
2022/05/30-19:08:36.968444 7f324e5c2700                Options.force_consistency_checks: 0
2022/05/30-19:08:36.968446 7f324e5c2700                Options.report_bg_io_stats: 0
2022/05/30-19:08:36.968461 7f324e5c2700                               Options.ttl: 2592000
2022/05/30-19:08:36.968464 7f324e5c2700          Options.periodic_compaction_seconds: 2592000
2022/05/30-19:08:36.968556 7f324e5c2700 [/db_impl/db_impl.cc:2492] Created column family [.meta] (ID 1)
2022/05/30-19:08:37.137080 7f324e5c2700 DB pointer 0x7f332c108100
2022/05/30-19:08:37.137414 7f3258c06700 [/db_impl/db_impl.cc:854] ------- DUMPING STATS -------
2022/05/30-19:08:37.137460 7f3258c06700 [/db_impl/db_impl.cc:855] 
** DB Stats **
Uptime(secs): 0.3 total, 0.3 interval
Cumulative writes: 0 writes, 0 keys, 0 commit groups, 0.0 writes per commit group, ingest: 0.00 GB, 0.00 MB/s
Cumulative WAL: 0 writes, 0 syncs, 0.00 writes per sync, written: 0.00 GB, 0.00 MB/s
Cumulative stall: 00:00:0.000 H:M:S, 0.0 percent
Interval writes: 0 writes, 0 keys, 0 commit groups, 0.0 writes per commit group, ingest: 0.00 MB, 0.00 MB/s
Interval WAL: 0 writes, 0 syncs, 0.00 writes per sync, written: 0.00 MB, 0.00 MB/s
Interval stall: 00:00:0.000 H:M:S, 0.0 percent

** Compaction Stats [default] **
Level    Files   Size     Score Read(GB)  Rn(GB) Rnp1(GB) Write(GB) Wnew(GB) Moved(GB) W-Amp Rd(MB/s) Wr(MB/s) Comp(sec) CompMergeCPU(sec) Comp(cnt) Avg(sec) KeyIn KeyDrop
----------------------------------------------------------------------------------------------------------------------------------------------------------------------------
 Sum      0/0    0.00 KB   0.0      0.0     0.0      0.0       0.0      0.0       0.0   0.0      0.0      0.0      0.00              0.00         0    0.000       0      0
 Int      0/0    0.00 KB   0.0      0.0     0.0      0.0       0.0      0.0       0.0   0.0      0.0      0.0      0.00              0.00         0    0.000       0      0

** Compaction Stats [default] **
Priority    Files   Size     Score Read(GB)  Rn(GB) Rnp1(GB) Write(GB) Wnew(GB) Moved(GB) W-Amp Rd(MB/s) Wr(MB/s) Comp(sec) CompMergeCPU(sec) Comp(cnt) Avg(sec) KeyIn KeyDrop
-------------------------------------------------------------------------------------------------------------------------------------------------------------------------------
Uptime(secs): 0.3 total, 0.3 interval
Flush(GB): cumulative 0.000, interval 0.000
AddFile(GB): cumulative 0.000, interval 0.000
AddFile(Total Files): cumulative 0, interval 0
AddFile(L0 Files): cumulative 0, interval 0
AddFile(Keys): cumulative 0, interval 0
Cumulative compaction: 0.00 GB write, 0.00 MB/s write, 0.00 GB read, 0.00 MB/s read, 0.0 seconds
Interval compaction: 0.00 GB write, 0.00 MB/s write, 0.00 GB read, 0.00 MB/s read, 0.0 seconds
Stalls(count): 0 level0_slowdown, 0 level0_slowdown_with_compaction, 0 level0_numfiles, 0 level0_numfiles_with_compaction, 0 stop for pending_compaction_bytes, 0 slowdown for pending_compaction_bytes, 0 memtable_compaction, 0 memtable_slowdown, interval 0 total count

** File Read Latency Histogram By Level [default] **

** Compaction Stats [.meta] **
Level    Files   Size     Score Read(GB)  Rn(GB) Rnp1(GB) Write(GB) Wnew(GB) Moved(GB) W-Amp Rd(MB/s) Wr(MB/s) Comp(sec) CompMergeCPU(sec) Comp(cnt) Avg(sec) KeyIn KeyDrop
----------------------------------------------------------------------------------------------------------------------------------------------------------------------------
 Sum      0/0    0.00 KB   0.0      0.0     0.0      0.0       0.0      0.0       0.0   0.0      0.0      0.0      0.00              0.00         0    0.000       0      0
 Int      0/0    0.00 KB   0.0      0.0     0.0      0.0       0.0      0.0       0.0   0.0      0.0      0.0      0.00              0.00         0    0.000       0      0

** Compaction Stats [.meta] **
Priority    Files   Size     Score Read(GB)  Rn(GB) Rnp1(GB) Write(GB) Wnew(GB) Moved(GB) W-Amp Rd(MB/s) Wr(MB/s) Comp(sec) CompMergeCPU(sec) Comp(cnt) Avg(sec) KeyIn KeyDrop
-------------------------------------------------------------------------------------------------------------------------------------------------------------------------------
Uptime(secs): 0.2 total, 0.2 interval
Flush(GB): cumulative 0.000, interval 0.000
AddFile(GB): cumulative 0.000, interval 0.000
AddFile(Total Files): cumulative 0, interval 0
AddFile(L0 Files): cumulative 0, interval 0
AddFile(Keys): cumulative 0, interval 0
Cumulative compaction: 0.00 GB write, 0.00 MB/s write, 0.00 GB read, 0.00 MB/s read, 0.0 seconds
Interval compaction: 0.00 GB write, 0.00 MB/s write, 0.00 GB read, 0.00 MB/s read, 0.0 seconds
Stalls(count): 0 level0_slowdown, 0 level0_slowdown_with_compaction, 0 level0_numfiles, 0 level0_numfiles_with_compaction, 0 stop for pending_compaction_bytes, 0 slowdown for pending_compaction_bytes, 0 memtable_compaction, 0 memtable_slowdown, interval 0 total count

** File Read Latency Histogram By Level [.meta] **

** Compaction Stats [default] **
Level    Files   Size     Score Read(GB)  Rn(GB) Rnp1(GB) Write(GB) Wnew(GB) Moved(GB) W-Amp Rd(MB/s) Wr(MB/s) Comp(sec) CompMergeCPU(sec) Comp(cnt) Avg(sec) KeyIn KeyDrop
----------------------------------------------------------------------------------------------------------------------------------------------------------------------------
 Sum      0/0    0.00 KB   0.0      0.0     0.0      0.0       0.0      0.0       0.0   0.0      0.0      0.0      0.00              0.00         0    0.000       0      0
 Int      0/0    0.00 KB   0.0      0.0     0.0      0.0       0.0      0.0       0.0   0.0      0.0      0.0      0.00              0.00         0    0.000       0      0

** Compaction Stats [default] **
Priority    Files   Size     Score Read(GB)  Rn(GB) Rnp1(GB) Write(GB) Wnew(GB) Moved(GB) W-Amp Rd(MB/s) Wr(MB/s) Comp(sec) CompMergeCPU(sec) Comp(cnt) Avg(sec) KeyIn KeyDrop
-------------------------------------------------------------------------------------------------------------------------------------------------------------------------------
Uptime(secs): 0.3 total, 0.0 interval
Flush(GB): cumulative 0.000, interval 0.000
AddFile(GB): cumulative 0.000, interval 0.000
AddFile(Total Files): cumulative 0, interval 0
AddFile(L0 Files): cumulative 0, interval 0
AddFile(Keys): cumulative 0, interval 0
Cumulative compaction: 0.00 GB write, 0.00 MB/s write, 0.00 GB read, 0.00 MB/s read, 0.0 seconds
Interval compaction: 0.00 GB write, 0.00 MB/s write, 0.00 GB read, 0.00 MB/s read, 0.0 seconds
Stalls(count): 0 level0_slowdown, 0 level0_slowdown_with_compaction, 0 level0_numfiles, 0 level0_numfiles_with_compaction, 0 stop for pending_compaction_bytes, 0 slowdown for pending_compaction_bytes, 0 memtable_compaction, 0 memtable_slowdown, interval 0 total count

** File Read Latency Histogram By Level [default] **

** Compaction Stats [.meta] **
Level    Files   Size     Score Read(GB)  Rn(GB) Rnp1(GB) Write(GB) Wnew(GB) Moved(GB) W-Amp Rd(MB/s) Wr(MB/s) Comp(sec) CompMergeCPU(sec) Comp(cnt) Avg(sec) KeyIn KeyDrop
----------------------------------------------------------------------------------------------------------------------------------------------------------------------------
 Sum      0/0    0.00 KB   0.0      0.0     0.0      0.0       0.0      0.0       0.0   0.0      0.0      0.0      0.00              0.00         0    0.000       0      0
 Int      0/0    0.00 KB   0.0      0.0     0.0      0.0       0.0      0.0       0.0   0.0      0.0      0.0      0.00              0.00         0    0.000       0      0

** Compaction Stats [.meta] **
Priority    Files   Size     Score Read(GB)  Rn(GB) Rnp1(GB) Write(GB) Wnew(GB) Moved(GB) W-Amp Rd(MB/s) Wr(MB/s) Comp(sec) CompMergeCPU(sec) Comp(cnt) Avg(sec) KeyIn KeyDrop
-------------------------------------------------------------------------------------------------------------------------------------------------------------------------------
Uptime(secs): 0.2 total, 0.0 interval
Flush(GB): cumulative 0.000, interval 0.000
AddFile(GB): cumulative 0.000, interval 0.000
AddFile(Total Files): cumulative 0, interval 0
AddFile(L0 Files): cumulative 0, interval 0
AddFile(Keys): cumulative 0, interval 0
Cumulative compaction: 0.00 GB write, 0.00 MB/s write, 0.00 GB read, 0.00 MB/s read, 0.0 seconds
Interval compaction: 0.00 GB write, 0.00 MB/s write, 0.00 GB read, 0.00 MB/s read, 0.0 seconds
Stalls(count): 0 level0_slowdown, 0 level0_slowdown_with_compaction, 0 level0_numfiles, 0 level0_numfiles_with_compaction, 0 stop for pending_compaction_bytes, 0 slowdown for pending_compaction_bytes, 0 memtable_compaction, 0 memtable_slowdown, interval 0 total count

** File Read Latency Histogram By Level [.meta] **
2022/05/30-19:10:00.362195 7f324d9dc700 [/db_impl/db_impl_compaction_flush.cc:1364] [default] Manual flush start.
2022/05/30-19:10:00.362221 7f324d9dc700 [/db_impl/db_impl_compaction_flush.cc:1375] [default] Manual flush finished, status: OK
2022/05/30-19:10:00.362242 7f324d9dc700 [/db_impl/db_impl_compaction_flush.cc:1364] [default] Manual flush start.
2022/05/30-19:10:00.362253 7f324d9dc700 [/db_impl/db_impl_compaction_flush.cc:1375] [default] Manual flush finished, status: OK
2022/05/30-19:10:00.362278 7f324d9dc700 [/db_impl/db_impl.cc:401] Shutdown: canceling all background work
2022/05/30-19:10:00.362649 7f324d9dc700 [/db_impl/db_impl.cc:577] Shutdown complete
